image_width: 320		
image_height: 240
camera_name: guidance/right
camera_matrix:
  rows: 3
  cols: 3
  data: [246.014814, 0.000000, 158.772761,
  0.000000, 246.051175, 124.945567,
  0.000000, 0.000000, 1.000000]
distortion_model: plumb_bob
distortion_coefficients:
  rows: 1
  cols: 5
  data: [0.005603, 0.006152, 0.001083, -0.000065, 0.000000]
rectification_matrix:
  rows: 3
  cols: 3
  data: [0.999864, -0.000364, -0.016461,
  0.000380, 0.999999, 0.000944,
  0.016461, -0.000951, 0.999864]
projection_matrix:
  rows: 3
  cols: 4
  data: [251.123370, 0.000000, 164.321779, -37.905473,
  0.000000, 251.123370, 124.435390, 0.000000,
  0.000000, 0.000000, 1.000000, 0.000000]
