image_width: 320		
image_height: 240
camera_name: guidance/left
camera_matrix:
  rows: 3
  cols: 3
  data: [245.390664, 0.000000, 157.368098,
  0.000000, 245.037175, 123.994208,
  0.000000, 0.000000, 1.000000]
distortion_model: plumb_bob
distortion_coefficients:
  rows: 1
  cols: 5
  data: [-0.000556, 0.013066, -0.000791, -0.001440, 0.000000]
rectification_matrix:
  rows: 3
  cols: 3
  data: [0.999780, -0.000614, -0.020950,
  0.000594, 0.999999, -0.000954,
  0.020950, 0.000941, 0.999780]
projection_matrix:
  rows: 3
  cols: 4
  data: [251.123370, 0.000000, 164.321779, 0.000000,
  0.000000, 251.123370, 124.435390, 0.000000,
  0.000000, 0.000000, 1.000000, 0.000000]
